image_width: 640
image_height: 480
camera_name: center
camera_matrix:
  rows: 3
  cols: 3
  data: [513.475815353086, 0, 330.811810477038, 0, 513.423955942283, 243.862279499273, 0, 0, 1]
distortion_model: plumb_bob
distortion_coefficients:
  rows: 1
  cols: 5
  data: [-0.361727275935377, 0.145367260837605, 0.00155002544576559, -5.5731107739078e-05, 0]
rectification_matrix:
  rows: 3
  cols: 3
  data: [0.998103691420532, 0.00558347253632589, 0.0613012724757343, -0.00568257984871457, 0.99998281358616, 0.00144250427057192, -0.0612921647437183, -0.00178811821301888, 0.998118266125956]
projection_matrix:
  rows: 3
  cols: 4
  data: [480.310752426232, 0, 287.903999328613, -57.0585899476298, 0, 480.310752426232, 247.660722732544, 0, 0, 0, 1, 0]