# oST version 5.0 parameters


[image]

width
1280

height
960

[narrow_stereo/left]

camera matrix
1034.241465 0.000000 630.422769
0.000000 1033.663453 477.943149
0.000000 0.000000 1.000000

distortion
-0.342202 0.123765 -0.002272 0.001694 0.000000

rectification
0.999662 0.000332 -0.025996
-0.000423 0.999994 -0.003467
0.025995 0.003477 0.999656

projection
967.402742 0.000000 675.232979 0.000000
0.000000 967.402742 471.752640 0.000000
0.000000 0.000000 1.000000 0.000000

# oST version 5.0 parameters


[image]

width
1280

height
960

[narrow_stereo/center]

camera matrix
1033.398087 0.000000 648.708982
0.000000 1032.330899 475.041802
0.000000 0.000000 1.000000

distortion
-0.352131 0.143977 -0.002178 -0.000823 0.000000

rectification
0.999641 0.001845 -0.026734
-0.001752 0.999992 0.003496
0.026740 -0.003448 0.999636

projection
967.402742 0.000000 675.232979 -116.593528
0.000000 967.402742 471.752640 0.000000
0.000000 0.000000 1.000000 0.000000

