# oST version 5.0 parameters


[image]

width
1280

height
960

[narrow_stereo/left]

camera matrix
1024.317041 0.000000 621.470802
0.000000 1022.425171 469.166251
0.000000 0.000000 1.000000

distortion
-0.352707 0.153749 0.000558 0.003961 0.000000

rectification
0.982765 0.008820 -0.184651
-0.010192 0.999927 -0.006484
0.184580 0.008255 0.982783

projection
975.735649 0.000000 876.040039 0.000000
0.000000 975.735649 476.949341 0.000000
0.000000 0.000000 1.000000 0.000000

# oST version 5.0 parameters


[image]

width
1280

height
960

[narrow_stereo/right]

camera matrix
1049.929475 0.000000 662.164572
0.000000 1049.309646 490.221407
0.000000 0.000000 1.000000

distortion
-0.369181 0.155890 -0.001964 -0.004033 0.000000

rectification
0.985709 0.011786 -0.168042
-0.010537 0.999910 0.008320
0.168125 -0.006430 0.985745

projection
975.735649 0.000000 876.040039 -236.679264
0.000000 975.735649 476.949341 0.000000
0.000000 0.000000 1.000000 0.000000

