image_width: 1280
image_height: 960
camera_name: right
camera_matrix:
  rows: 3
  cols: 3
  data: [1053.877219, 0.000000, 666.134578,
0.000000, 1053.550796, 494.996593,
0.000000, 0.000000, 1.000000]
distortion_model: plumb_bob
distortion_coefficients:
  rows: 1
  cols: 5
  data: [-0.358474, 0.138012, -0.003011, -0.006026, 0.000000]
rectification_matrix:
  rows: 3
  cols: 3
  data: [1.000000, 0.000000, 0.000000,
0.000000, 1.000000, 0.000000,
0.000000, 0.000000, 1.000000]
projection_matrix:
  rows: 3
  cols: 4
  data: [900.486816, 0.000000, 661.811664, 0.000000,
0.000000, 969.022339, 494.464184, 0.000000,
0.000000, 0.000000, 1.000000, 0.000000]