%YAML:1.0
image_width: 1280
image_height: 960
camera_name: right
camera_matrix: !!opencv-matrix
   rows: 3
   cols: 3
   dt: d
   data: [1027.94149577969, 0.175351375624979, 658.264195277547, 0, 1027.75132669302, 486.631311042809, 0, 0, 1]
distortion_model: plumb_bob
distortion_coefficients: !!opencv-matrix
   rows: 1
   cols: 5
   dt: d
   data: [ -0.365599551929121,
        0.206200110431957,
       6.03604594842686e-05,
       -0.000162357861059185,
       -0.0784648851768501 ]
rectification_matrix: !!opencv-matrix
   rows: 3
   cols: 3
   dt: d
   data: [ 1, 0, 0, 0, 1, 0, 0, 0, 1 ]
projection_matrix: !!opencv-matrix
   rows: 3
   cols: 4
   dt: d
   data: [1027.94149577969, 0.175351375624979, 658.264195277547, 0, 0, 1027.75132669302, 486.631311042809, 0, 0, 0, 1, 0]