# oST version 5.0 parameters


[image]

width
1280

height
960

[narrow_stereo]

camera matrix
1053.877219 0.000000 666.134578
0.000000 1053.550796 494.996593
0.000000 0.000000 1.000000

distortion
-0.358474 0.138012 -0.003011 -0.006026 0.000000

rectification
1.000000 0.000000 0.000000
0.000000 1.000000 0.000000
0.000000 0.000000 1.000000

projection
900.486816 0.000000 661.811664 0.000000
0.000000 969.022339 494.464184 0.000000
0.000000 0.000000 1.000000 0.000000

