image_width: 640
image_height: 480
camera_name: short/left
camera_matrix:
  rows: 3
  cols: 3
  data: [517.775207016812, 0, 324.890561510356, 0, 518.317603746622, 246.965003418999, 0, 0, 1]
distortion_model: plumb_bob
distortion_coefficients:
  rows: 1
  cols: 5
  data: [-0.356385395161906, 0.142037116406166, 0.00196978863986831, -0.000329221732484296, 0]
rectification_matrix:
  rows: 3
  cols: 3
  data: [0.997907015215673, 0.00348575317098982, 0.0645711894592166, -0.00338134191874884, 0.999992793342422, -0.00172620683824332, -0.0645767412477249, 0.00150425664393436, 0.997911610164835]
projection_matrix:
  rows: 3
  cols: 4
  data: [480.310752426232, 0, 287.903999328613, 0, 0, 480.310752426232, 247.660722732544, 0, 0, 0, 1, 0]