image_width: 640
image_height: 480
camera_name: wide/right
camera_matrix:
  rows: 3
  cols: 3
  data: [512.039669869832, 0, 334.576774951148, 0, 512.037892187461, 251.619421460792, 0, 0, 1]
distortion_model: plumb_bob
distortion_coefficients:
  rows: 1
  cols: 5
  data: [-0.358523193102876, 0.132830407785683, 0.00207827002337658, -0.00047249437926327, 0]
rectification_matrix:
  rows: 3
  cols: 3
  data: [0.999445763343791, 0.00394059273506394, 0.0330550731816416, -0.00406005520253442, 0.999985464779342, 0.00354770091693636, -0.0330406126743996, -0.00367994007288421, 0.99944723520312]
projection_matrix:
  rows: 3
  cols: 4
  data: [478.292310129353, 0, 308.99633026123, -114.503986429165, 0, 478.292310129353, 252.098873138428, 0, 0, 0, 1, 0]