image_width: 640
image_height: 480
camera_name: wide/left
camera_matrix:
  rows: 3
  cols: 3
  data: [518.460525752773, 0, 324.273061108973, 0, 518.527309997201, 245.690554806629, 0, 0, 1]
distortion_model: plumb_bob
distortion_coefficients:
  rows: 1
  cols: 5
  data: [-0.363732880852594, 0.148081273956109, 0.00294383108486392, 0.000263943185596111, 0]
rectification_matrix:
  rows: 3
  cols: 3
  data: [0.999392409578801, 0.00179325374041291, 0.0348079864011078, -0.00166741566212559, 0.999991970830426, -0.00364389896823779, -0.0348142413573369, 0.00358364558843661, 0.999387375387046]
projection_matrix:
  rows: 3
  cols: 4
  data: [478.292310129353, 0, 308.99633026123, 0, 0, 478.292310129353, 252.098873138428, 0, 0, 0, 1, 0]