---
image_width: 640
image_height: 480
camera_name: xb3_short/left
camera_matrix:
  rows: 3
  cols: 3
  data: [525.09, 0, 316.192, 0, 524.335, 229.756, 0, 0, 1]
distortion_model: plumb_bob
distortion_coefficients:
  rows: 1
  cols: 5
  data: [-0.358927, 0.146792, 0.00221826, 0.000913891, 0]
rectification_matrix:
  rows: 3
  cols: 3
  data: [0.998572, -0.00239732, -0.0533621, 0.00218446, 0.999989, -0.004047, 0.0533712, 0.00392466, 0.998567]
projection_matrix:
  rows: 3
  cols: 4
  data: [493.01, 0, 355.718, 0, 0, 493.01, 230.302, 0, 0, 0, 1, 0]