%YAML:1.0

number_sensors: 8

pitch_bias: 0
roll_bias: 0

x0: 0
y0: 0

x1: 20
y1: 0

x2: 80
y2: 0

x3: 100
y3: 0

x4: 0
y4: 50

x5: 20
y5: 50

x6: 80
y6: 50

x7: 100
y7: 50

p1_0: 152300
p2_0: -3.384
p3_0: 895.8
p4_0: -0.585

p1_1: 578900
p2_1: -4.115
p3_1: 1114
p4_1: -0.6653

p1_2: 799300
p2_2: -4.313
p3_2: 1235
p4_2: -0.7127

p1_3: 231100
p2_3: -3.653
p3_3: 1008
p4_3: -0.6359

p1_4: 390900
p2_4: -3.983
p3_4: 1108
p4_4: -0.6434

p1_5: 520200
p2_5: -4.198
p3_5: 1128
p4_5: -0.667

p1_6: 4240000
p2_6: -5.132
p3_6: 1395
p4_6: -0.7201

p1_7: 398300000
p2_7: -7.769
p3_7: 2052
p4_7: -0.8371